...9-

111111, 11111. 1111111.111Ι1,11,1.11111111.
11111111, 11 11111.1111111,1111,1”. 6111161111.
11111,1111111.11111,11111111111.

11111111, 1,111,1111.11111.1, 11111111,1.11111111111.

11, 1, 1111111111. 111111, 1. 11111111 11111111
0111111111. 111111.

1111111, 111. olatt 1111111, 1111111,“ 1111, m. 11111111 1111
611111 11111 1111111.
1111111,11,1.61111. 1111111,1, 111,11[1(1.5111)1
chorus, 1,11.[1111,11111111 1111111111111 111. 11111 boul:
1111 11111111 1111. 111.

1111111, 111111.11111111111111111111111111.
111111.1111111111113.1111111111
11111,1,11.611111.1111111111..
1111111,11,1. 3111113111.1111111111, arum, f. 1111111
1111111, 11, f. (11111611111111111111111.
1Ῑ11,1111,1ϊ1111,1 113111111111,111,111.1111111111
1111111111111.1111111111-11111.

111111111111111111111. 1111111111,11,1161111111.
11111111,1,11.11111111111 clitellae arum, f. 611111 11111.
cluis, eris, 11 111111 111111111111,1,111,11116111
1111111111,1, 11 1111111 1111111111111.
11111111111.1111111111.1111111111111.

circum, praep 1 111. 1111- 111111111111111.

1111111 111. 1111111111. 1111111111.

circumitio, 1111111111, 3 1111111111.

1111111111, 1111111111 11111, 11111111,11111111,11
1111111111,1111,111111,1111,111111
1ῗ1ιέῗιῗέιω11β11(1111111111,ἓξὲξυ111111ῗογιῇεὒαῐῗθῗ1ῗῖξέξιῗ1.
11111111111111111,11111111 111111,1.1111111 11111111.
olroumll uo, xi, 3. 1111111111. 11111111, 1, um, 1111111111
11111111111,1.11111111.11 11111. 111 1111111111.
1111111110, 11111, 11111, erum: cognosco novi, 111111, 3.
111111. 111111 (11111111111111, 111
11111111111, veni, 1111 um, 4 111111.
11ι1η1ῗ1ι11ῗε11η111111111111.031813,ἑζτθοῗιιτ1111οωήῃωἆωῖης
111111,111.111.11111111111111111111111111.11111111
1111 1111111 11 &uum 111 11111111

111111. 1111111 psus 11111111

1111111, 1113111111. 1111111111.
1111111111111111,1111111111.1111111,1111,1111111,3. lum:
ῦ111(0111),1,111;1111111011,11111111111111.
111311110111(011-311),1111 1111111,1 1111111111.
1111111111 &unium 1111111111. 1111111,1,111111

 

